1.197581623396484852e+08 8.611117356262041334e-01
1.202289101979247928e+08 8.876134257383292425e-01
1.205385484119742960e+08 8.890096962503822864e-01
1.210084335680057704e+08 9.121641016524668633e-01
1.213209474562047869e+08 9.247179878646549778e-01
1.220436762618327439e+08 9.289057537011232712e-01
1.222529534480640143e+08 9.409012362784593408e-01
1.224605052298055738e+08 9.462021494357142348e-01
1.229255017397828549e+08 9.503886081475690917e-01
1.236490932476556599e+08 9.579236586940779175e-01
1.244257409435871094e+08 9.713167189080803565e-01
1.248379688329207152e+08 9.707609295224550738e-01
1.256644375834925771e+08 9.774596817412990468e-01
1.262847923893976361e+08 9.844363286529557167e-01
1.268029169792872965e+08 9.947597374248076108e-01
1.271124833014830649e+08 9.958770675443572307e-01
1.277283808124563694e+08 9.855594101208043911e-01
1.285532679422459900e+08 9.861214737045740364e-01
1.292189865078597367e+08 9.691095082858628418e-01
1.309248364133546203e+08 9.878071416060377752e-01
1.319017748138000965e+08 9.783281353344538411e-01
1.323674183504610062e+08 9.850250575788391805e-01
1.326764814296806008e+08 9.841898049508650548e-01
1.329326321045490503e+08 9.780544234404041637e-01
1.332381724829354733e+08 9.635510915797645959e-01
1.334955453193174601e+08 9.621576967418611348e-01
1.341162595844912231e+08 9.705290456160347023e-01
1.353519367665396929e+08 9.649565119641114741e-01
1.358666824393036664e+08 9.621697222883045519e-01
1.361207482504136860e+08 9.479450693952456986e-01
1.367390181925603747e+08 9.468324449243044061e-01
1.373066762696754932e+08 9.493457841309842493e-01
1.380300521019870937e+08 9.560440134999829143e-01
1.383877140743335485e+08 9.437724662042930035e-01
1.385915993715344667e+08 9.348474193438756075e-01
1.389009500181690156e+08 9.351279282859151776e-01
1.394637913410837054e+08 9.189522611948687247e-01
1.397732138795719743e+08 9.195117105294114968e-01
1.408000452265115976e+08 9.036173366551726316e-01
1.413155817096666992e+08 9.038988912969028178e-01
1.417749706550524235e+08 8.863279993934940482e-01
1.422913698404523432e+08 8.899568387452648777e-01
1.426491755965062976e+08 8.782431722345818148e-01
1.434215816730672121e+08 8.751787492908849053e-01
1.442423709671937823e+08 8.598412105019619389e-01
1.451141315856205821e+08 8.422724099979347345e-01
1.461424726614887118e+08 8.322357843662667731e-01
1.472248045195140541e+08 8.316833935046363813e-01
1.479959884345614016e+08 8.238769838883819308e-01
1.489734300779830217e+08 8.163505603643217423e-01
1.494887508855769038e+08 8.157952938285418787e-01
1.502625229073588252e+08 8.180307383424091361e-01
1.510363668209944963e+08 8.205451232487798174e-01
1.515570795176187158e+08 8.409103861507531974e-01
1.518676523257668018e+08 8.459328817653501975e-01
1.522801677825153470e+08 8.464928539497383886e-01
1.530013149673610926e+08 8.445439311511323544e-01
1.534640109380187392e+08 8.398042973028789770e-01
1.540815619616280496e+08 8.359022689069040002e-01
1.549093247655671835e+08 8.476219481908088271e-01
1.554252207079909742e+08 8.492982047950559110e-01
1.557876275426841378e+08 8.554367234045889834e-01
1.563591677799011171e+08 8.730128438064513885e-01
1.569255318036489487e+08 8.705052559480704888e-01
1.577533664994418323e+08 8.825038756244787397e-01
1.586305190068989992e+08 8.858556045582048899e-01
1.591999743803575635e+08 8.953424535774693327e-01
1.597702205642072558e+08 9.078976469142708838e-01
1.602359359927219152e+08 9.148735095511595361e-01
1.610087734204052389e+08 9.134827289624828373e-01
1.615227282827780843e+08 9.076275949691386957e-01
1.619350280639654398e+08 9.073507459760168370e-01
1.627034800885707438e+08 8.889446014446340527e-01
1.631137668978534341e+08 8.808574214614175446e-01
1.633183711135917306e+08 8.747217785260339440e-01
1.637809951923956573e+08 8.697032042852772538e-01
1.641938701084129214e+08 8.716578784321824536e-01
1.647582211602560878e+08 8.613399595837069045e-01
1.652729668330200315e+08 8.585531699078999823e-01
1.662471014511697292e+08 8.381954883286842906e-01
